Show TCP sender's some valuces about sndwnd:
pkt_seqno pkt_type        RorS_seqno  snd_ssthresh    snd_cwnd  rcv_wnd     snd_wnd_left      snd_wnd_pointer   snd_wnd_left+cwnd snd_wnd_left+rcv_wnd  snd_wnd_pointer-left
1         snd_con_syn     1           2147483647      2         0           520428185         520428186         520431105         520428185             1           
2         rcv_con_syn_ack 1           2147483647      2         65535       520428186         520428186         520431106         520493721             0           
3         snd_con_ack     2           2147483647      2         65535       520428186         520428186         520431106         520493721             0           
4         snd_data        3           2147483647      2         65535       520428186         520429586         520431106         520493721             1400        
5         snd_data        4           2147483647      2         65535       520428186         520431034         520431106         520493721             2848        
6         rcv_ack         2           2147483647      3         65535       520431034         520431034         520435414         520496569             0           
7         snd_data        5           2147483647      3         65535       520431034         520432482         520435414         520496569             1448        
8         snd_data        6           2147483647      3         65535       520431034         520433930         520435414         520496569             2896        
9         snd_data        7           2147483647      3         65535       520431034         520435378         520435414         520496569             4344        
10        rcv_ack         3           2147483647      4         64951       520433930         520435378         520439770         520498881             1448        
11        snd_data        8           2147483647      4         64951       520433930         520436826         520439770         520498881             2896        
12        snd_data        9           2147483647      4         64951       520433930         520438274         520439770         520498881             4344        
13        snd_data        10          2147483647      4         64951       520433930         520439722         520439770         520498881             5792        
14        rcv_ack         4           2147483647      5         65535       520435378         520439722         520442678         520500913             4344        
15        snd_data        11          2147483647      5         65535       520435378         520441170         520442678         520500913             5792        
16        snd_data        12          2147483647      5         65535       520435378         520442618         520442678         520500913             7240        
17        rcv_ack         5           2147483647      6         65535       520438274         520442618         520447034         520503809             4344        
18        snd_data        13          2147483647      6         65535       520438274         520444066         520447034         520503809             5792        
19        snd_data        14          2147483647      6         65535       520438274         520445514         520447034         520503809             7240        
20        snd_data        15          2147483647      6         65535       520438274         520446962         520447034         520503809             8688        
21        rcv_ack         6           2147483647      7         64087       520439722         520446962         520449942         520503809             7240        
22        snd_data        16          2147483647      7         64087       520439722         520448410         520449942         520503809             8688        
23        snd_data        17          2147483647      7         64087       520439722         520449858         520449942         520503809             10136       
24        rcv_ack         7           2147483647      8         65535       520442618         520449858         520454298         520508153             7240        
25        snd_data        18          2147483647      8         65535       520442618         520451306         520454298         520508153             8688        
26        snd_data        19          2147483647      8         65535       520442618         520452754         520454298         520508153             10136       
27        snd_data        20          2147483647      8         65535       520442618         520454202         520454298         520508153             11584       
28        rcv_ack         8           2147483647      9         64087       520444066         520454202         520457206         520508153             10136       
29        snd_data        21          2147483647      9         64087       520444066         520455650         520457206         520508153             11584       
30        snd_data        22          2147483647      9         64087       520444066         520457098         520457206         520508153             13032       
31        rcv_ack         9           2147483647      10        61191       520446962         520457098         520461562         520508153             10136       
32        snd_data        23          2147483647      10        61191       520446962         520458546         520461562         520508153             11584       
33        snd_data        24          2147483647      10        61191       520446962         520459994         520461562         520508153             13032       
34        snd_data        25          2147483647      10        61191       520446962         520461442         520461562         520508153             14480       
35        rcv_ack         10          2147483647      11        58295       520449858         520461442         520465918         520508153             11584       
36        snd_data        26          2147483647      11        58295       520449858         520462890         520465918         520508153             13032       
37        snd_data        27          2147483647      11        58295       520449858         520464338         520465918         520508153             14480       
38        snd_data        28          2147483647      11        58295       520449858         520465786         520465918         520508153             15928       
39        rcv_ack         11          2147483647      12        55399       520452754         520465786         520470274         520508153             13032       
40        snd_data        29          2147483647      12        55399       520452754         520467234         520470274         520508153             14480       
41        snd_data        30          2147483647      12        55399       520452754         520468682         520470274         520508153             15928       
42        snd_data        31          2147483647      12        55399       520452754         520470130         520470274         520508153             17376       
43        rcv_ack         12          2147483647      13        52503       520455650         520470130         520474630         520508153             14480       
44        snd_data        32          2147483647      13        52503       520455650         520471578         520474630         520508153             15928       
45        snd_data        33          2147483647      13        52503       520455650         520473026         520474630         520508153             17376       
46        snd_data        34          2147483647      13        52503       520455650         520474474         520474630         520508153             18824       
47        rcv_ack         13          2147483647      14        49607       520458546         520474474         520478986         520508153             15928       
48        snd_data        35          2147483647      14        49607       520458546         520475922         520478986         520508153             17376       
49        snd_data        36          2147483647      14        49607       520458546         520477370         520478986         520508153             18824       
50        snd_data        37          2147483647      14        49607       520458546         520478818         520478986         520508153             20272       
51        rcv_ack         14          2147483647      15        46711       520461442         520478818         520483342         520508153             17376       
52        snd_data        38          2147483647      15        46711       520461442         520480266         520483342         520508153             18824       
53        snd_data        39          2147483647      15        46711       520461442         520481714         520483342         520508153             20272       
54        snd_data        40          2147483647      15        46711       520461442         520483162         520483342         520508153             21720       
55        rcv_ack         15          2147483647      16        43815       520464338         520483162         520487698         520508153             18824       
56        snd_data        41          2147483647      16        43815       520464338         520484610         520487698         520508153             20272       
57        snd_data        42          2147483647      16        43815       520464338         520486058         520487698         520508153             21720       
58        snd_data        43          2147483647      16        43815       520464338         520487506         520487698         520508153             23168       
59        rcv_ack         16          2147483647      17        40919       520467234         520487506         520492054         520508153             20272       
60        snd_data        44          2147483647      17        40919       520467234         520488954         520492054         520508153             21720       
61        snd_data        45          2147483647      17        40919       520467234         520490402         520492054         520508153             23168       
62        snd_data        46          2147483647      17        40919       520467234         520491850         520492054         520508153             24616       
63        rcv_ack         17          2147483647      18        38023       520470130         520491850         520496410         520508153             21720       
64        snd_data        47          2147483647      18        38023       520470130         520493298         520496410         520508153             23168       
65        snd_data        48          2147483647      18        38023       520470130         520494746         520496410         520508153             24616       
66        snd_data        49          2147483647      18        38023       520470130         520496194         520496410         520508153             26064       
67        rcv_ack         18          2147483647      19        35127       520473026         520496194         520500766         520508153             23168       
68        snd_data        50          2147483647      19        35127       520473026         520496786         520500766         520508153             23760       
69        rcv_ack         19          2147483647      19        32231       520475922         520496786         520503662         520508153             20864       
70        rcv_ack         20          2147483647      19        29335       520478818         520496786         520506558         520508153             17968       
71        rcv_ack         21          2147483647      19        26439       520481714         520496786         520509454         520508153             15072       
72        rcv_ack         22          2147483647      19        23543       520484610         520496786         520512350         520508153             12176       
73        rcv_ack         23          2147483647      19        20647       520487506         520496786         520515246         520508153             9280        
74        rcv_ack         24          2147483647      19        17751       520490402         520496786         520518142         520508153             6384        
75        rcv_ack         25          2147483647      19        14855       520493298         520496786         520521038         520508153             3488        
76        rcv_ack         26          2147483647      19        11959       520496194         520496786         520523934         520508153             592         
77        snd_data        51          2147483647      19        11959       520496194         520498234         520523934         520508153             2040        
78        snd_data        52          2147483647      19        11959       520496194         520499682         520523934         520508153             3488        
79        snd_data        53          2147483647      19        11959       520496194         520501130         520523934         520508153             4936        
80        snd_data        54          2147483647      19        11959       520496194         520502578         520523934         520508153             6384        
81        snd_data        55          2147483647      19        11959       520496194         520504026         520523934         520508153             7832        
82        snd_data        56          2147483647      19        11959       520496194         520505474         520523934         520508153             9280        
83        snd_data        57          2147483647      19        11959       520496194         520506922         520523934         520508153             10728       
84        rcv_ack         27          2147483647      19        9919        520498234         520506922         520525974         520508153             8688        
85        rcv_ack         28          2147483647      19        7023        520501130         520506922         520528870         520508153             5792        
86        rcv_ack         29          2147483647      19        4127        520504026         520506922         520531766         520508153             2896        
87        rcv_ack         30          2147483647      19        1231        520506922         520506922         520534662         520508153             0           
88        rcv_ack         31          2147483647      19        0           520508153         520508153         520535893         520508153             0           
89        rcv_ack         32          2147483647      19        0           520508153         520508153         520535893         520508153             0           
90        rcv_ack         33          2147483647      19        0           520508153         520508153         520535893         520508153             0           
91        rcv_ack         34          2147483647      19        0           520508153         520508153         520535893         520508153             0           
92        rcv_ack         35          2147483647      19        0           520508153         520508153         520535893         520508153             0           
93        rcv_ack         36          2147483647      19        4624        520508153         520508153         520535893         520512777             0           
94        snd_data        58          2147483647      2         4624        520508153         520508370         520511073         520512777             217         
95        snd_data        59          2147483647      2         4624        520508153         520509818         520511073         520512777             1665        
96        rcv_ack         37          2147483647      2         65535       520508153         520509818         520511073         520573688             1665        
97        rcv_ack         38          2147483647      3         63870       520509818         520509818         520514198         520573688             0           
98        snd_data        60          2147483647      3         63870       520509818         520511266         520514198         520573688             1448        
99        snd_data        61          2147483647      3         63870       520509818         520512714         520514198         520573688             2896        
100       snd_data        62          2147483647      3         63870       520509818         520514162         520514198         520573688             4344        
101       rcv_ack         39          2147483647      4         60974       520512714         520514162         520518554         520573688             1448        
102       snd_data        63          2147483647      4         60974       520512714         520515610         520518554         520573688             2896        
103       snd_data        64          2147483647      4         60974       520512714         520517058         520518554         520573688             4344        
104       snd_data        65          2147483647      4         60974       520512714         520518506         520518554         520573688             5792        
105       rcv_ack         40          2147483647      5         58078       520515610         520518506         520522910         520573688             2896        
106       snd_data        66          2147483647      5         58078       520515610         520519954         520522910         520573688             4344        
107       snd_data        67          2147483647      5         58078       520515610         520521402         520522910         520573688             5792        
108       snd_data        68          2147483647      5         58078       520515610         520522850         520522910         520573688             7240        
109       rcv_ack         41          2147483647      6         55182       520518506         520522850         520527266         520573688             4344        
110       snd_data        69          2147483647      6         55182       520518506         520524298         520527266         520573688             5792        
111       snd_data        70          2147483647      6         55182       520518506         520525746         520527266         520573688             7240        
112       snd_data        71          2147483647      6         55182       520518506         520527194         520527266         520573688             8688        
113       rcv_ack         42          2147483647      7         52286       520521402         520527194         520531622         520573688             5792        
114       snd_data        72          2147483647      7         52286       520521402         520528642         520531622         520573688             7240        
115       snd_data        73          2147483647      7         52286       520521402         520530090         520531622         520573688             8688        
116       snd_data        74          2147483647      7         52286       520521402         520531538         520531622         520573688             10136       
117       rcv_ack         43          2147483647      8         49390       520524298         520531538         520535978         520573688             7240        
118       snd_data        75          2147483647      8         49390       520524298         520532986         520535978         520573688             8688        
119       snd_data        76          2147483647      8         49390       520524298         520534434         520535978         520573688             10136       
120       snd_data        77          2147483647      8         49390       520524298         520535882         520535978         520573688             11584       
121       rcv_ack         44          2147483647      9         46494       520527194         520535882         520540334         520573688             8688        
122       snd_data        78          2147483647      9         46494       520527194         520537330         520540334         520573688             10136       
123       snd_data        79          2147483647      9         46494       520527194         520538778         520540334         520573688             11584       
124       snd_data        80          2147483647      9         46494       520527194         520540226         520540334         520573688             13032       
125       rcv_ack         45          2147483647      10        43598       520530090         520540226         520544690         520573688             10136       
126       snd_data        81          2147483647      10        43598       520530090         520541674         520544690         520573688             11584       
127       snd_data        82          2147483647      10        43598       520530090         520543122         520544690         520573688             13032       
128       snd_data        83          2147483647      10        43598       520530090         520544570         520544690         520573688             14480       
129       rcv_ack         46          2147483647      11        40702       520532986         520544570         520549046         520573688             11584       
130       snd_data        84          2147483647      11        40702       520532986         520546018         520549046         520573688             13032       
131       snd_data        85          2147483647      11        40702       520532986         520547466         520549046         520573688             14480       
132       snd_data        86          2147483647      11        40702       520532986         520548914         520549046         520573688             15928       
133       rcv_ack         47          2147483647      12        37806       520535882         520548914         520553402         520573688             13032       
134       snd_data        87          2147483647      12        37806       520535882         520550362         520553402         520573688             14480       
135       snd_data        88          2147483647      12        37806       520535882         520551810         520553402         520573688             15928       
136       snd_data        89          2147483647      12        37806       520535882         520553258         520553402         520573688             17376       
137       rcv_ack         48          2147483647      13        34910       520538778         520553258         520557758         520573688             14480       
138       snd_data        90          2147483647      13        34910       520538778         520554706         520557758         520573688             15928       
139       snd_data        91          2147483647      13        34910       520538778         520556154         520557758         520573688             17376       
140       snd_data        92          2147483647      13        34910       520538778         520557602         520557758         520573688             18824       
141       rcv_ack         49          2147483647      14        32014       520541674         520557602         520562114         520573688             15928       
142       snd_data        93          2147483647      14        32014       520541674         520559050         520562114         520573688             17376       
143       snd_data        94          2147483647      14        32014       520541674         520560498         520562114         520573688             18824       
144       snd_data        95          2147483647      14        32014       520541674         520561946         520562114         520573688             20272       
145       rcv_ack         50          2147483647      15        29118       520544570         520561946         520566470         520573688             17376       
146       snd_data        96          2147483647      15        29118       520544570         520563394         520566470         520573688             18824       
147       snd_data        97          2147483647      15        29118       520544570         520564842         520566470         520573688             20272       
148       snd_data        98          2147483647      15        29118       520544570         520566290         520566470         520573688             21720       
149       rcv_ack         51          2147483647      16        26222       520547466         520566290         520570826         520573688             18824       
150       snd_data        99          2147483647      16        26222       520547466         520567738         520570826         520573688             20272       
151       snd_data        100         2147483647      16        26222       520547466         520569186         520570826         520573688             21720       
152       snd_data        101         2147483647      16        26222       520547466         520570634         520570826         520573688             23168       
153       rcv_ack         52          2147483647      17        23326       520550362         520570634         520575182         520573688             20272       
154       snd_data        102         2147483647      17        23326       520550362         520572082         520575182         520573688             21720       
155       snd_data        103         2147483647      17        23326       520550362         520573530         520575182         520573688             23168       
156       rcv_ack         53          2147483647      17        20430       520553258         520573530         520578078         520573688             20272       
157       rcv_ack         54          2147483647      17        17534       520556154         520573530         520580974         520573688             17376       
158       rcv_ack         55          2147483647      17        14638       520559050         520573530         520583870         520573688             14480       
159       rcv_ack         56          2147483647      17        11742       520561946         520573530         520586766         520573688             11584       
160       rcv_ack         57          2147483647      17        8846        520564842         520573530         520589662         520573688             8688        
161       rcv_ack         58          2147483647      17        5950        520567738         520573530         520592558         520573688             5792        
162       rcv_ack         59          2147483647      17        3054        520570634         520573530         520595454         520573688             2896        
163       rcv_ack         60          2147483647      17        158         520573530         520573530         520598350         520573688             0           
164       rcv_ack         61          2147483647      17        0           520573688         520573688         520598508         520573688             0           
165       rcv_ack         62          2147483647      17        0           520573688         520573688         520598508         520573688             0           
166       rcv_ack         63          2147483647      17        0           520573688         520573688         520598508         520573688             0           
167       rcv_ack         64          2147483647      17        0           520573688         520573688         520598508         520573688             0           
168       rcv_ack         65          2147483647      17        0           520573688         520573688         520598508         520573688             0           
169       rcv_ack         66          2147483647      17        0           520573688         520573688         520598508         520573688             0           
170       rcv_ack         67          2147483647      17        0           520573688         520573688         520598508         520573688             0           
171       rcv_ack         68          2147483647      17        3760        520573688         520573688         520598508         520577448             0           
172       snd_data        104         2147483647      2         3760        520573688         520574978         520576608         520577448             1290        
173       snd_data        105         2147483647      2         3760        520573688         520576426         520576608         520577448             2738        
174       rcv_ack         69          2147483647      2         65535       520573688         520576426         520576608         520639223             2738        
175       rcv_ack         70          2147483647      3         62797       520576426         520576426         520580806         520639223             0           
176       snd_data        106         2147483647      3         62797       520576426         520577874         520580806         520639223             1448        
177       snd_data        107         2147483647      3         62797       520576426         520579322         520580806         520639223             2896        
178       snd_data        108         2147483647      3         62797       520576426         520580770         520580806         520639223             4344        
179       rcv_ack         71          2147483647      4         59901       520579322         520580770         520585162         520639223             1448        
180       snd_data        109         2147483647      4         59901       520579322         520582218         520585162         520639223             2896        
181       snd_data        110         2147483647      4         59901       520579322         520583666         520585162         520639223             4344        
182       snd_data        111         2147483647      4         59901       520579322         520585114         520585162         520639223             5792        
183       rcv_ack         72          2147483647      5         57005       520582218         520585114         520589518         520639223             2896        
184       snd_data        112         2147483647      5         57005       520582218         520586562         520589518         520639223             4344        
185       snd_data        113         2147483647      5         57005       520582218         520588010         520589518         520639223             5792        
186       snd_data        114         2147483647      5         57005       520582218         520589458         520589518         520639223             7240        
187       rcv_ack         73          2147483647      6         54109       520585114         520589458         520593874         520639223             4344        
188       snd_data        115         2147483647      6         54109       520585114         520590906         520593874         520639223             5792        
189       snd_data        116         2147483647      6         54109       520585114         520592354         520593874         520639223             7240        
190       snd_data        117         2147483647      6         54109       520585114         520593802         520593874         520639223             8688        
191       rcv_ack         74          2147483647      7         51213       520588010         520593802         520598230         520639223             5792        
192       snd_data        118         2147483647      7         51213       520588010         520595250         520598230         520639223             7240        
193       snd_data        119         2147483647      7         51213       520588010         520596698         520598230         520639223             8688        
194       snd_data        120         2147483647      7         51213       520588010         520598146         520598230         520639223             10136       
195       rcv_ack         75          2147483647      8         48317       520590906         520598146         520602586         520639223             7240        
196       snd_data        121         2147483647      8         48317       520590906         520599594         520602586         520639223             8688        
197       snd_data        122         2147483647      8         48317       520590906         520601042         520602586         520639223             10136       
198       snd_data        123         2147483647      8         48317       520590906         520602490         520602586         520639223             11584       
199       rcv_ack         76          2147483647      9         45421       520593802         520602490         520606942         520639223             8688        
200       snd_data        124         2147483647      9         45421       520593802         520603938         520606942         520639223             10136       
201       snd_data        125         2147483647      9         45421       520593802         520605386         520606942         520639223             11584       
202       snd_data        126         2147483647      9         45421       520593802         520606834         520606942         520639223             13032       
203       rcv_ack         77          2147483647      10        42525       520596698         520606834         520611298         520639223             10136       
204       snd_data        127         2147483647      10        42525       520596698         520608282         520611298         520639223             11584       
205       snd_data        128         2147483647      10        42525       520596698         520609730         520611298         520639223             13032       
206       snd_data        129         2147483647      10        42525       520596698         520611178         520611298         520639223             14480       
207       rcv_ack         78          2147483647      11        39629       520599594         520611178         520615654         520639223             11584       
208       snd_data        130         2147483647      11        39629       520599594         520612626         520615654         520639223             13032       
209       snd_data        131         2147483647      11        39629       520599594         520614074         520615654         520639223             14480       
210       snd_data        132         2147483647      11        39629       520599594         520615522         520615654         520639223             15928       
211       rcv_ack         79          2147483647      12        36733       520602490         520615522         520620010         520639223             13032       
212       snd_data        133         2147483647      12        36733       520602490         520616970         520620010         520639223             14480       
213       snd_data        134         2147483647      12        36733       520602490         520618418         520620010         520639223             15928       
214       snd_data        135         2147483647      12        36733       520602490         520619866         520620010         520639223             17376       
215       rcv_ack         80          2147483647      13        33837       520605386         520619866         520624366         520639223             14480       
216       snd_data        136         2147483647      13        33837       520605386         520621314         520624366         520639223             15928       
217       snd_data        137         2147483647      13        33837       520605386         520622762         520624366         520639223             17376       
218       snd_data        138         2147483647      13        33837       520605386         520624210         520624366         520639223             18824       
219       rcv_ack         81          2147483647      14        30941       520608282         520624210         520628722         520639223             15928       
220       snd_data        139         2147483647      14        30941       520608282         520625658         520628722         520639223             17376       
221       snd_data        140         2147483647      14        30941       520608282         520627106         520628722         520639223             18824       
222       snd_data        141         2147483647      14        30941       520608282         520628554         520628722         520639223             20272       
223       rcv_ack         82          2147483647      15        28045       520611178         520628554         520633078         520639223             17376       
224       snd_data        142         2147483647      15        28045       520611178         520630002         520633078         520639223             18824       
225       snd_data        143         2147483647      15        28045       520611178         520631450         520633078         520639223             20272       
226       snd_data        144         2147483647      15        28045       520611178         520632898         520633078         520639223             21720       
227       rcv_ack         83          2147483647      16        25149       520614074         520632898         520637434         520639223             18824       
228       snd_data        145         2147483647      16        25149       520614074         520634346         520637434         520639223             20272       
229       snd_data        146         2147483647      16        25149       520614074         520635794         520637434         520639223             21720       
230       snd_data        147         2147483647      16        25149       520614074         520637242         520637434         520639223             23168       
231       rcv_ack         84          2147483647      17        22253       520616970         520637242         520641790         520639223             20272       
232       snd_data        148         2147483647      17        22253       520616970         520638690         520641790         520639223             21720       
233       rcv_ack         85          2147483647      17        19357       520619866         520638690         520644686         520639223             18824       
234       rcv_ack         86          2147483647      17        16461       520622762         520638690         520647582         520639223             15928       
235       rcv_ack         87          2147483647      17        13565       520625658         520638690         520650478         520639223             13032       
236       rcv_ack         88          2147483647      17        10669       520628554         520638690         520653374         520639223             10136       
237       rcv_ack         89          2147483647      17        7773        520631450         520638690         520656270         520639223             7240        
238       rcv_ack         90          2147483647      17        4877        520634346         520638690         520659166         520639223             4344        
239       rcv_ack         91          2147483647      17        1981        520637242         520638690         520662062         520639223             1448        
240       rcv_ack         92          2147483647      17        533         520638690         520638690         520663510         520639223             0           
241       rcv_ack         93          2147483647      8         0           520639223         520639223         520650903         520639223             0           
242       rcv_ack         94          2147483647      8         0           520639223         520639223         520650903         520639223             0           
243       rcv_ack         95          2147483647      8         0           520639223         520639223         520650903         520639223             0           
244       rcv_ack         96          2147483647      8         0           520639223         520639223         520650903         520639223             0           
245       rcv_ack         97          2147483647      8         0           520639223         520639223         520650903         520639223             0           
246       rcv_ack         98          2147483647      8         0           520639223         520639223         520650903         520639223             0           
247       rcv_ack         99          2147483647      8         3760        520639223         520639223         520650903         520642983             0           
248       snd_data        149         2147483647      2         3760        520639223         520640138         520642143         520642983             915         
249       snd_data        150         2147483647      2         3760        520639223         520641586         520642143         520642983             2363        
250       rcv_ack         100         2147483647      2         65535       520639223         520641586         520642143         520704758             2363        
251       rcv_ack         101         2147483647      3         63172       520641586         520641586         520645966         520704758             0           
252       snd_data        151         2147483647      3         63172       520641586         520643034         520645966         520704758             1448        
253       snd_data        152         2147483647      3         63172       520641586         520644482         520645966         520704758             2896        
254       snd_data        153         2147483647      3         63172       520641586         520645930         520645966         520704758             4344        
255       rcv_ack         102         2147483647      4         60276       520644482         520645930         520650322         520704758             1448        
256       snd_data        154         2147483647      4         60276       520644482         520647378         520650322         520704758             2896        
257       snd_data        155         2147483647      4         60276       520644482         520648826         520650322         520704758             4344        
258       snd_data        156         2147483647      4         60276       520644482         520650274         520650322         520704758             5792        
259       rcv_ack         103         2147483647      5         57380       520647378         520650274         520654678         520704758             2896        
260       snd_data        157         2147483647      5         57380       520647378         520651722         520654678         520704758             4344        
261       snd_data        158         2147483647      5         57380       520647378         520653170         520654678         520704758             5792        
262       snd_data        159         2147483647      5         57380       520647378         520654618         520654678         520704758             7240        
263       rcv_ack         104         2147483647      6         54484       520650274         520654618         520659034         520704758             4344        
264       snd_data        160         2147483647      6         54484       520650274         520656066         520659034         520704758             5792        
265       snd_data        161         2147483647      6         54484       520650274         520657514         520659034         520704758             7240        
266       snd_data        162         2147483647      6         54484       520650274         520658962         520659034         520704758             8688        
267       rcv_ack         105         2147483647      7         51588       520653170         520658962         520663390         520704758             5792        
268       snd_data        163         2147483647      7         51588       520653170         520660410         520663390         520704758             7240        
269       snd_data        164         2147483647      7         51588       520653170         520661858         520663390         520704758             8688        
270       snd_data        165         2147483647      7         51588       520653170         520663306         520663390         520704758             10136       
271       rcv_ack         106         2147483647      8         48692       520656066         520663306         520667746         520704758             7240        
272       snd_data        166         2147483647      8         48692       520656066         520664754         520667746         520704758             8688        
273       snd_data        167         2147483647      8         48692       520656066         520666202         520667746         520704758             10136       
274       snd_data        168         2147483647      8         48692       520656066         520667650         520667746         520704758             11584       
275       rcv_ack         107         2147483647      9         45796       520658962         520667650         520672102         520704758             8688        
276       snd_data        169         2147483647      9         45796       520658962         520669098         520672102         520704758             10136       
277       snd_data        170         2147483647      9         45796       520658962         520670546         520672102         520704758             11584       
278       snd_data        171         2147483647      9         45796       520658962         520671994         520672102         520704758             13032       
279       rcv_ack         108         2147483647      10        42900       520661858         520671994         520676458         520704758             10136       
280       snd_data        172         2147483647      10        42900       520661858         520673442         520676458         520704758             11584       
281       snd_data        173         2147483647      10        42900       520661858         520674890         520676458         520704758             13032       
282       snd_data        174         2147483647      10        42900       520661858         520676338         520676458         520704758             14480       
283       rcv_ack         109         2147483647      11        40004       520664754         520676338         520680814         520704758             11584       
284       snd_data        175         2147483647      11        40004       520664754         520677786         520680814         520704758             13032       
285       snd_data        176         2147483647      11        40004       520664754         520679234         520680814         520704758             14480       
286       snd_data        177         2147483647      11        40004       520664754         520680682         520680814         520704758             15928       
287       rcv_ack         110         2147483647      12        37108       520667650         520680682         520685170         520704758             13032       
288       snd_data        178         2147483647      12        37108       520667650         520682130         520685170         520704758             14480       
289       snd_data        179         2147483647      12        37108       520667650         520683578         520685170         520704758             15928       
290       snd_data        180         2147483647      12        37108       520667650         520685026         520685170         520704758             17376       
291       rcv_ack         111         2147483647      13        34212       520670546         520685026         520689526         520704758             14480       
292       snd_data        181         2147483647      13        34212       520670546         520686474         520689526         520704758             15928       
293       snd_data        182         2147483647      13        34212       520670546         520687922         520689526         520704758             17376       
294       snd_data        183         2147483647      13        34212       520670546         520689370         520689526         520704758             18824       
295       rcv_ack         112         2147483647      14        31316       520673442         520689370         520693882         520704758             15928       
296       snd_data        184         2147483647      14        31316       520673442         520690818         520693882         520704758             17376       
297       snd_data        185         2147483647      14        31316       520673442         520692266         520693882         520704758             18824       
298       snd_data        186         2147483647      14        31316       520673442         520693714         520693882         520704758             20272       
299       rcv_ack         113         2147483647      15        28420       520676338         520693714         520698238         520704758             17376       
300       snd_data        187         2147483647      15        28420       520676338         520695162         520698238         520704758             18824       
301       snd_data        188         2147483647      15        28420       520676338         520696610         520698238         520704758             20272       
302       snd_data        189         2147483647      15        28420       520676338         520698058         520698238         520704758             21720       
303       rcv_ack         114         2147483647      16        25524       520679234         520698058         520702594         520704758             18824       
304       snd_data        190         2147483647      16        25524       520679234         520699506         520702594         520704758             20272       
305       snd_data        191         2147483647      16        25524       520679234         520700954         520702594         520704758             21720       
306       snd_data        192         2147483647      16        25524       520679234         520702402         520702594         520704758             23168       
307       rcv_ack         115         2147483647      17        22628       520682130         520702402         520706950         520704758             20272       
308       snd_data        193         2147483647      17        22628       520682130         520703850         520706950         520704758             21720       
309       rcv_ack         116         2147483647      17        19732       520685026         520703850         520709846         520704758             18824       
310       rcv_ack         117         2147483647      17        16836       520687922         520703850         520712742         520704758             15928       
311       rcv_ack         118         2147483647      17        13940       520690818         520703850         520715638         520704758             13032       
312       rcv_ack         119         2147483647      17        11044       520693714         520703850         520718534         520704758             10136       
313       rcv_ack         120         2147483647      17        8148        520696610         520703850         520721430         520704758             7240        
314       rcv_ack         121         2147483647      17        5252        520699506         520703850         520724326         520704758             4344        
315       rcv_ack         122         2147483647      17        2356        520702402         520703850         520727222         520704758             1448        
316       rcv_ack         123         2147483647      17        908         520703850         520703850         520728670         520704758             0           
317       rcv_ack         124         2147483647      8         0           520704758         520704758         520716438         520704758             0           
318       rcv_ack         125         2147483647      8         0           520704758         520704758         520716438         520704758             0           
319       rcv_ack         126         2147483647      8         0           520704758         520704758         520716438         520704758             0           
320       rcv_ack         127         2147483647      8         0           520704758         520704758         520716438         520704758             0           
321       rcv_ack         128         2147483647      8         0           520704758         520704758         520716438         520704758             0           
322       rcv_ack         129         2147483647      8         0           520704758         520704758         520716438         520704758             0           
323       rcv_ack         130         2147483647      8         3760        520704758         520704758         520716438         520708518             0           
324       snd_data        194         2147483647      2         3760        520704758         520705298         520707678         520708518             540         
325       snd_data        195         2147483647      2         3760        520704758         520706746         520707678         520708518             1988        
326       rcv_ack         131         2147483647      3         1772        520706746         520706746         520711126         520708518             0           
327       snd_data        196         2147483647      3         1772        520706746         520708194         520711126         520708518             1448        
328       rcv_ack         132         2147483647      3         324         520708194         520708194         520712574         520708518             0           
329       rcv_ack         133         2147483647      2         0           520708518         520708518         520711438         520708518             0           
330       rcv_ack         134         2147483647      2         0           520708518         520708518         520711438         520708518             0           
331       rcv_ack         135         2147483647      2         0           520708518         520708518         520711438         520708518             0           
332       rcv_ack         136         2147483647      2         0           520708518         520708518         520711438         520708518             0           
333       rcv_ack         137         2147483647      2         61775       520708518         520708518         520711438         520770293             0           
334       snd_data        197         2147483647      2         61775       520708518         520709642         520711438         520770293             1124        
335       snd_data        198         2147483647      2         61775       520708518         520711090         520711438         520770293             2572        
336       rcv_ack         138         2147483647      3         59203       520711090         520711090         520715470         520770293             0           
337       snd_data        199         2147483647      3         59203       520711090         520712538         520715470         520770293             1448        
338       snd_data        200         2147483647      3         59203       520711090         520713986         520715470         520770293             2896        
339       snd_data        201         2147483647      3         59203       520711090         520715434         520715470         520770293             4344        
340       rcv_ack         139         2147483647      4         56307       520713986         520715434         520719826         520770293             1448        
341       snd_data        202         2147483647      4         56307       520713986         520716882         520719826         520770293             2896        
342       snd_data        203         2147483647      4         56307       520713986         520718330         520719826         520770293             4344        
343       snd_data        204         2147483647      4         56307       520713986         520719778         520719826         520770293             5792        
344       rcv_ack         140         2147483647      5         53411       520716882         520719778         520724182         520770293             2896        
345       snd_data        205         2147483647      5         53411       520716882         520721226         520724182         520770293             4344        
346       snd_data        206         2147483647      5         53411       520716882         520722674         520724182         520770293             5792        
347       snd_data        207         2147483647      5         53411       520716882         520724122         520724182         520770293             7240        
348       rcv_ack         141         2147483647      6         50515       520719778         520724122         520728538         520770293             4344        
349       snd_data        208         2147483647      6         50515       520719778         520725570         520728538         520770293             5792        
350       snd_data        209         2147483647      6         50515       520719778         520727018         520728538         520770293             7240        
351       snd_data        210         2147483647      6         50515       520719778         520728466         520728538         520770293             8688        
352       rcv_ack         142         2147483647      7         47619       520722674         520728466         520732894         520770293             5792        
353       snd_data        211         2147483647      7         47619       520722674         520729914         520732894         520770293             7240        
354       snd_data        212         2147483647      7         47619       520722674         520731362         520732894         520770293             8688        
355       snd_data        213         2147483647      7         47619       520722674         520732810         520732894         520770293             10136       
356       rcv_ack         143         2147483647      8         44723       520725570         520732810         520737250         520770293             7240        
357       snd_data        214         2147483647      8         44723       520725570         520734258         520737250         520770293             8688        
358       snd_data        215         2147483647      8         44723       520725570         520735706         520737250         520770293             10136       
359       snd_data        216         2147483647      8         44723       520725570         520737154         520737250         520770293             11584       
360       rcv_ack         144         2147483647      9         41827       520728466         520737154         520741606         520770293             8688        
361       snd_data        217         2147483647      9         41827       520728466         520738602         520741606         520770293             10136       
362       snd_data        218         2147483647      9         41827       520728466         520740050         520741606         520770293             11584       
363       snd_data        219         2147483647      9         41827       520728466         520741498         520741606         520770293             13032       
364       rcv_ack         145         2147483647      10        38931       520731362         520741498         520745962         520770293             10136       
365       snd_data        220         2147483647      10        38931       520731362         520742946         520745962         520770293             11584       
366       snd_data        221         2147483647      10        38931       520731362         520744394         520745962         520770293             13032       
367       snd_data        222         2147483647      10        38931       520731362         520745842         520745962         520770293             14480       
368       rcv_ack         146         2147483647      11        36035       520734258         520745842         520750318         520770293             11584       
369       snd_data        223         2147483647      11        36035       520734258         520747290         520750318         520770293             13032       
370       snd_data        224         2147483647      11        36035       520734258         520748738         520750318         520770293             14480       
371       snd_data        225         2147483647      11        36035       520734258         520750186         520750318         520770293             15928       
372       rcv_ack         147         2147483647      12        33139       520737154         520750186         520754674         520770293             13032       
373       snd_data        226         2147483647      12        33139       520737154         520751634         520754674         520770293             14480       
374       snd_data        227         2147483647      12        33139       520737154         520753082         520754674         520770293             15928       
375       snd_data        228         2147483647      12        33139       520737154         520754530         520754674         520770293             17376       
376       rcv_ack         148         2147483647      13        30243       520740050         520754530         520759030         520770293             14480       
377       snd_data        229         2147483647      13        30243       520740050         520755978         520759030         520770293             15928       
378       snd_data        230         2147483647      13        30243       520740050         520757426         520759030         520770293             17376       
379       snd_data        231         2147483647      13        30243       520740050         520758874         520759030         520770293             18824       
380       rcv_ack         149         2147483647      14        27347       520742946         520758874         520763386         520770293             15928       
381       snd_data        232         2147483647      14        27347       520742946         520760322         520763386         520770293             17376       
382       snd_data        233         2147483647      14        27347       520742946         520761770         520763386         520770293             18824       
383       snd_data        234         2147483647      14        27347       520742946         520763218         520763386         520770293             20272       
384       rcv_ack         150         2147483647      15        24451       520745842         520763218         520767742         520770293             17376       
385       snd_data        235         2147483647      15        24451       520745842         520764666         520767742         520770293             18824       
386       snd_data        236         2147483647      15        24451       520745842         520766114         520767742         520770293             20272       
387       snd_data        237         2147483647      15        24451       520745842         520767562         520767742         520770293             21720       
388       rcv_ack         151         2147483647      16        21555       520748738         520767562         520772098         520770293             18824       
389       snd_data        238         2147483647      16        21555       520748738         520769010         520772098         520770293             20272       
390       rcv_ack         152         2147483647      16        18659       520751634         520769010         520774994         520770293             17376       
391       rcv_ack         153         2147483647      16        15763       520754530         520769010         520777890         520770293             14480       
392       rcv_ack         154         2147483647      16        12867       520757426         520769010         520780786         520770293             11584       
393       rcv_ack         155         2147483647      16        9971        520760322         520769010         520783682         520770293             8688        
394       rcv_ack         156         2147483647      16        7075        520763218         520769010         520786578         520770293             5792        
395       rcv_ack         157         2147483647      16        4179        520766114         520769010         520789474         520770293             2896        
396       rcv_ack         158         2147483647      16        1283        520769010         520769010         520792370         520770293             0           
397       rcv_ack         159         2147483647      16        0           520770293         520770293         520793653         520770293             0           
398       rcv_ack         160         2147483647      16        0           520770293         520770293         520793653         520770293             0           
399       rcv_ack         161         2147483647      16        0           520770293         520770293         520793653         520770293             0           
400       rcv_ack         162         2147483647      16        0           520770293         520770293         520793653         520770293             0           
401       rcv_ack         163         2147483647      16        0           520770293         520770293         520793653         520770293             0           
402       rcv_ack         164         2147483647      16        0           520770293         520770293         520793653         520770293             0           
403       rcv_ack         165         2147483647      16        0           520770293         520770293         520793653         520770293             0           
404       rcv_ack         166         2147483647      16        3760        520770293         520770293         520793653         520774053             0           
405       snd_data        239         2147483647      2         3760        520770293         520770458         520773213         520774053             165         
406       snd_data        240         2147483647      2         3760        520770293         520771906         520773213         520774053             1613        
407       rcv_ack         167         2147483647      2         65535       520770293         520771906         520773213         520835828             1613        
408       rcv_ack         168         2147483647      3         63922       520771906         520771906         520776286         520835828             0           
409       snd_data        241         2147483647      3         63922       520771906         520773354         520776286         520835828             1448        
410       snd_data        242         2147483647      3         63922       520771906         520774802         520776286         520835828             2896        
411       snd_data        243         2147483647      3         63922       520771906         520776250         520776286         520835828             4344        
412       rcv_ack         169         2147483647      4         61026       520774802         520776250         520780642         520835828             1448        
413       snd_data        244         2147483647      4         61026       520774802         520777698         520780642         520835828             2896        
414       snd_data        245         2147483647      4         61026       520774802         520779146         520780642         520835828             4344        
415       snd_data        246         2147483647      4         61026       520774802         520780594         520780642         520835828             5792        
416       rcv_ack         170         2147483647      5         58130       520777698         520780594         520784998         520835828             2896        
417       snd_data        247         2147483647      5         58130       520777698         520782042         520784998         520835828             4344        
418       snd_data        248         2147483647      5         58130       520777698         520783490         520784998         520835828             5792        
419       snd_data        249         2147483647      5         58130       520777698         520784097         520784998         520835828             6399        
420       rcv_ack         171         2147483647      6         55234       520780594         520784097         520789354         520835828             3503        
421       rcv_ack         172         2147483647      6         52338       520783490         520784097         520792250         520835828             607         
422       rcv_ack         173         2147483647      6         51732       520784097         520784097         520792857         520835829             0           
